008
013
015
018
021
022
024
026
027
034
036
038
039
041
042
045
046
047
048
049
052
055
056
057
058
059
061
063
064
065
066
067
069
070
071
074
075
077
078
079
080
081
083
084
085
086
087
088
091
092
093
094
095
096
097
098
100
101
108
109
111
116
117
118
119
124
126
127
132
141
143
145
146
150
151
152
154
155
164
166
167
169
173
174
175
176
177
180
183
184
185
186
187
188
189
191
192
193
194
195
197
198
199
202
203
207
208
209
211
212
213
214
215
216
219
220
221
222
223
224
226
228
229
234
236
237
239
244
245
246
247
249
251
252
254
255
257
259
260
261
263
266
267
268
269
270
273
274
275
276
277
279
282
283
284
285
286
287
288
289
290
292
294
296
299
302
304
305
306
307
308
309
312
313
314
316
318
320
321
322
323
324
327
328
329
330
332
333
334
335
338
339
340
341
342
344
345
346
347
348
349
351
352
353
356
358
359
360
361
362
363
365
366
367
368
369
370
371
373
374
377
378
381
382
383
385
387
388
389
391
393
394
395
396
397
398
401
402
403
404
405
407
409
410
411
412
413
414
415
416
417
418
420
422
424
427
430
432
433
434
435
436
437
440
441
442
444
446
447
448
449
450
451
452
455
456
457
458
460
461
462
463
466
467
468
469
470
472
473
474
475
476
477
479
480
481
484
486
487
488
489
490
491
493
494
495
496
497
498
499
501
502
503
504
505
506
507
509
510
511
512
513
514
515
517
518
519
521
522
523
525
527
528
529
531
532
533
534
535
536
538
539
540
541
543
544
545
546
547
548
549
550
551
553
554
555
556
557
559
560
562
563
564
565
566
567
568
569
570
572
574
575
576
577
578
579
580
581
582
583
584
585
586
587
588
590
591
594
595
596
597
598
600
603
604
605
606
607
609
610
614
616
617
618
620
622
623
624
625
627
628
630
631
632
633
634
635
636
637
638
639
640
641
642
643
645
646
647
649
650
651
653
655
656
657
659
660
661
662
663
664
666
667
668
669
671
672
673
674
675
676
677
678
679
681
682
683
684
685
686
687
688
690
691
692
693
694
695
696
697
698
700
702
703
704
705
706
707
708
709
710
711
712
713
714
715
716
718
719
722
723
724
725
726
728
731
732
733
734
735
737
738
741
742
744
745
746
748
749
750
751
752
753
755
756
758
759
760
761
762
763
764
765
766
767